1754691120285 0.6809629935903597 0
1754691120301 0.6835642974993904 1
1754691120318 0.6790721972581699 2
1754691120331 0.6739250753736739 3
1754691120345 0.665991746653155 4
1754691120357 0.6567095147171601 5
1754691120370 0.6492592454561728 6
1754691120384 0.6407718568889018 7
1754691120396 0.6195185881580798 8
1754691120407 0.6062595988288143 9
1754691120420 0.5781960560585642 10
1754691120432 0.5746630862884715 11
1754691120446 0.5413947118417866 12
1754691120458 0.538420850310834 13
1754691120470 0.5081663519295339 14
1754691120482 0.5021941955319515 15
1754691120495 0.47285088122193586 16
1754691120508 0.44212496256465234 17
1754691120521 0.42043243577032524 18
1754691120533 0.41744285991349195 19
