1754691086886 0.6964228614937835 0
1754691086899 0.6835530644745996 1
1754691086913 0.6727757774633805 2
1754691086925 0.6603925767888877 3
1754691086937 0.6434337002371774 4
1754691086951 0.6221832060571855 5
1754691086964 0.6023527180482894 6
1754691086976 0.5979119858765966 7
1754691086989 0.552564190668503 8
1754691087001 0.5428048923233438 9
1754691087014 0.5112260920747282 10
1754691087035 0.46117225818827673 11
1754691087047 0.45502497450954416 12
1754691087061 0.4456453658300003 13
1754691087082 0.4490101641507318 14
1754691087098 0.4164935125312224 15
1754691087113 0.3966041752227067 16
1754691087130 0.37628013552142886 17
1754691087145 0.33958837395997216 18
1754691087166 0.3340364057097943 19
