1754691371975 0.6840048990878962 0
1754691371991 0.6822789591581083 1
1754691372005 0.6767410352145354 2
1754691372018 0.6729968895766941 3
1754691372033 0.6624468909302339 4
1754691372046 0.6546010595287768 5
1754691372059 0.6439214979936628 6
1754691372073 0.6345896444344884 7
1754691372087 0.6133251650079252 8
1754691372101 0.5991713571669487 9
1754691372117 0.5811685440504006 10
1754691372129 0.5548150776001403 11
1754691372143 0.5293662797981107 12
1754691372162 0.5093172080625737 13
1754691372175 0.48501961452101694 14
1754691372188 0.4842217309220793 15
1754691372202 0.441560038878833 16
1754691372214 0.4499094006978921 17
1754691372227 0.4298760878253104 18
1754691372240 0.3985327281322576 19
