1754692294980 0.6983265259544257 0
1754692294994 0.6836063383194396 1
1754692295008 0.6714176852690992 2
1754692295021 0.6623580066685749 3
1754692295035 0.6434416581531467 4
1754692295049 0.6275031515789516 5
1754692295062 0.6139325613902911 6
1754692295075 0.5882952087421708 7
1754692295086 0.5777110859222219 8
1754692295100 0.5596058738413195 9
1754692295112 0.5408554165799001 10
1754692295124 0.5139158696995169 11
1754692295138 0.5000038735757625 12
1754692295150 0.478018936802288 13
1754692295165 0.460623118387261 14
1754692295178 0.4528265861085224 15
1754692295190 0.4219314546149394 16
1754692295203 0.39958861675964397 17
1754692295215 0.3695056089592464 18
1754692295227 0.328869240568374 19
