1754691264918 0.6974355859804879 0
1754691264932 0.6845858710066316 1
1754691264945 0.6769730580639718 2
1754691264962 0.665304144505922 3
1754691264974 0.6477948018136969 4
1754691264987 0.6338512477535887 5
1754691265000 0.6096856971077508 6
1754691265014 0.5830027419903556 7
1754691265041 0.5705375549151813 8
1754691265057 0.5535437890115729 9
1754691265083 0.5287695750367218 10
1754691265098 0.5023391041053733 11
1754691265129 0.47060436134410993 12
1754691265147 0.4668428130863887 13
1754691265163 0.4328052720442641 14
1754691265176 0.4121105299988374 15
1754691265192 0.40078761323454415 16
1754691265208 0.38632261855953237 17
1754691265232 0.35916649051729194 18
1754691265253 0.3482055111282368 19
