1754691357199 0.6866145227161156 0
1754691357213 0.6856395710543327 1
1754691357226 0.6764807760412923 2
1754691357242 0.6741622069765468 3
1754691357254 0.6684292751520419 4
1754691357266 0.6606894025342719 5
1754691357278 0.652057572064666 6
1754691357291 0.6406937427932236 7
1754691357303 0.6322363693702039 8
1754691357314 0.6150150298467142 9
1754691357327 0.5975670778206762 10
1754691357339 0.5884338545315156 11
1754691357351 0.5650429422480201 12
1754691357362 0.5361477972287212 13
1754691357374 0.5203653418473181 14
1754691357385 0.5047747345140138 15
1754691357400 0.48757941220617534 16
1754691357434 0.4464761245674288 17
1754691357448 0.44100656966267504 18
1754691357461 0.40353865308810005 19
