1754692014244 0.6950679074689217 0
1754692014264 0.683587435235832 1
1754692014280 0.6772697667785103 2
1754692014292 0.6624857880742416 3
1754692014305 0.6492393983197091 4
1754692014317 0.6272526600034104 5
1754692014331 0.6076551659458179 6
1754692014344 0.5880243561594619 7
1754692014356 0.5544632803970182 8
1754692014372 0.5372064128139903 9
1754692014384 0.5055405893906724 10
1754692014398 0.48945996912602846 11
1754692014417 0.4561457612187729 12
1754692014431 0.4343467585629013 13
1754692014447 0.42481160405928714 14
1754692014460 0.39924753160040993 15
1754692014473 0.38562399285093785 16
1754692014486 0.3678116265287254 17
1754692014499 0.35128874412647965 18
1754692014511 0.35115755859970443 19
